Neighbors: 10
Accuracy: 0.9993679997191109
Balanced Accuracy: 0.9156745100654523
Precision: 0.8155339805825242
F1: 0.8235294117647058
Recall: 0.8316831683168316
AUC: 0.9156745100654523
TP: 84
FP: 19
FN: 17
TN: 56842