Neighbors: 10
Accuracy: 0.999420666409185
Balanced Accuracy: 0.925584293537776
Precision: 0.8269230769230769
F1: 0.8390243902439023
Recall: 0.8514851485148515
AUC: 0.9255842935377759
TP: 86
FP: 18
FN: 15
TN: 56843