Accuracy: 0.9993679997191109
Balanced Accuracy: 0.9304996150940255
Precision: 0.7981651376146789
F1: 0.8285714285714286
Recall: 0.8613861386138614
AUC: 0.9304996150940255
TP: 87
FP: 22
FN: 14
TN: 56839