Scoring = 'balanced_accuracy'
C = 1000, penalty = 'l2'
Neighbors = 10
Accuracy: 0.9171904076401812
Balanced Accuracy: 0.9387548513737077
Precision: 0.020166320166320167
F1: 0.03950315618000408
Recall: 0.9603960396039604
AUC: 0.9387548513737077
TP: 97
FP: 4713
FN: 4
TN: 52148