C = 1, penalty = 'l2'
Accuracy: 0.9989817773252344
Balanced Accuracy: 0.9154810558525471
Precision: 0.672
F1: 0.7433628318584071
Recall: 0.8316831683168316
AUC: 0.915481055852547
TP: 84
FP: 41
FN: 17
TN: 56820