Scoring = 'balanced_accuracy'
C = 1000, penalty = 'l2'
Neighbors = 10
Accuracy: 0.9754573224254767
Balanced Accuracy: 0.9580566540500624
Precision: 0.06388702084734364
F1: 0.11964735516372796
Recall: 0.9405940594059405
AUC: 0.9580566540500624
TP: 95
FP: 1392
FN: 6
TN: 55469